frame, timestamp, confidence, success, Tx, Ty, Tz, Rx, Ry, Rz
1, 0, 0.954659, 1, -41.8691, 31.667, 558.772, 12.582, 6.16271, -1.06965
2, 0.0666667, 0.954925, 1, -41.5863, 31.0534, 555.298, 15.324, 6.15271, -0.884459
3, 0.133333, 0.955336, 1, -41.3747, 30.656, 553.763, 16.9364, 6.02758, -0.699322
4, 0.2, 0.955625, 1, -41.2709, 30.4192, 552.554, 17.4833, 6.02271, -0.624011
5, 0.266667, 0.957005, 1, -41.4246, 30.3549, 553.379, 17.2302, 6.00824, -0.531141
6, 0.333333, 0.956554, 1, -41.6027, 30.3836, 552.859, 17.4649, 6.04442, -0.593463
7, 0.4, 0.953748, 1, -41.8844, 30.6639, 553.33, 17.6509, 6.15562, -0.671321
8, 0.466667, 0.951121, 1, -42.126, 30.7338, 553.863, 17.7027, 6.15157, -0.770688
9, 0.533333, 0.956065, 1, -42.3383, 30.5391, 553.782, 17.4822, 6.26332, -0.823245
10, 0.6, 0.95833, 1, -42.4451, 30.3754, 553.666, 17.131, 6.20611, -0.817272
11, 0.666667, 0.956237, 1, -42.482, 30.2664, 553.066, 17.1893, 6.2034, -0.835769
12, 0.733333, 0.956203, 1, -42.6462, 30.2252, 553.087, 17.0989, 6.30024, -0.858973
13, 0.8, 0.953247, 1, -42.7399, 30.1321, 552.595, 17.1001, 6.25633, -0.89483
14, 0.866667, 0.956291, 1, -42.8577, 30.1029, 552.637, 17.2162, 6.37213, -0.908279
15, 0.933333, 0.956587, 1, -42.6012, 30.1398, 552.499, 17.0976, 6.32455, -0.669046
16, 1, 0.956645, 1, -42.4719, 30.3005, 552.918, 17.0545, 6.26629, -0.636732
17, 1.06667, 0.954654, 1, -42.423, 30.455, 552.66, 17.2347, 6.26541, -0.62505
18, 1.13333, 0.954178, 1, -42.3059, 30.5068, 552.735, 17.1776, 6.2504, -0.524843
19, 1.2, 0.955951, 1, -42.0332, 30.4224, 552.094, 17.055, 6.1387, -0.43941
20, 1.26667, 0.956821, 1, -41.7905, 30.4307, 551.929, 17.1904, 6.08634, -0.416131
21, 1.33333, 0.958151, 1, -41.6029, 30.4243, 551.825, 17.1331, 6.03152, -0.381729
22, 1.4, 0.958437, 1, -41.4333, 30.4723, 551.978, 17.1615, 5.98131, -0.331973
23, 1.46667, 0.954718, 1, -41.3018, 30.5117, 552.004, 17.0638, 5.94823, -0.287112
24, 1.53333, 0.953746, 1, -41.082, 30.4914, 551.194, 17.1579, 5.81576, -0.251893
25, 1.6, 0.952828, 1, -40.9907, 30.5271, 550.827, 17.1925, 5.73447, -0.243544
26, 1.66667, 0.954064, 1, -41.0481, 30.597, 550.761, 17.1983, 5.76903, -0.247357
27, 1.73333, 0.953646, 1, -41.0902, 30.675, 550.747, 17.3004, 5.78773, -0.275385
28, 1.8, 0.95632, 1, -41.1283, 30.741, 550.635, 17.2386, 5.71228, -0.266507
29, 1.86667, 0.958516, 1, -41.155, 30.8163, 550.895, 17.3194, 5.76599, -0.278864
30, 1.93333, 0.956365, 1, -41.1273, 30.8529, 550.756, 17.2858, 5.75717, -0.275234
31, 2, 0.95654, 1, -41.1384, 30.9178, 550.867, 17.3086, 5.77784, -0.284993
32, 2.06667, 0.954961, 1, -41.0787, 30.9671, 550.801, 17.2937, 5.78711, -0.268625
33, 2.13333, 0.953175, 1, -41.0014, 31.0229, 550.709, 17.4381, 5.74443, -0.250905
34, 2.2, 0.952971, 1, -41.011, 31.0841, 551.068, 17.4258, 5.7487, -0.202004
35, 2.26667, 0.954272, 1, -40.9909, 31.1359, 551.485, 17.3861, 5.6943, -0.188695
36, 2.33333, 0.956076, 1, -40.9771, 31.1847, 550.998, 17.5341, 5.65506, -0.260621
37, 2.4, 0.954555, 1, -41.0886, 31.2671, 551.085, 17.6557, 5.77209, -0.279701
38, 2.46667, 0.952538, 1, -41.5857, 31.2369, 550.881, 17.5666, 5.94611, -0.364838
39, 2.53333, 0.953198, 1, -41.579, 31.2914, 551.239, 17.4826, 5.84374, -0.424658
40, 2.6, 0.95274, 1, -41.5764, 31.2596, 551.177, 17.4541, 5.88645, -0.393783
41, 2.66667, 0.954326, 1, -41.57, 31.2664, 551.164, 17.4844, 5.89333, -0.401376
42, 2.73333, 0.953293, 1, -41.5722, 31.3199, 551.186, 17.5484, 5.95483, -0.436186
43, 2.8, 0.952307, 1, -41.5615, 31.3994, 551.101, 17.5378, 5.95893, -0.416086
44, 2.86667, 0.951669, 1, -41.49, 31.3981, 550.837, 17.4807, 5.91095, -0.396081
45, 2.93333, 0.951869, 1, -41.3694, 31.4039, 550.496, 17.3013, 5.74855, -0.296109
46, 3, 0.955272, 1, -41.3174, 31.4883, 550.113, 17.4674, 5.8619, -0.310758
47, 3.06667, 0.956188, 1, -41.6701, 31.5846, 550.69, 18.0445, 5.99025, -0.682523
48, 3.13333, 0.959359, 1, -42.2724, 31.7765, 551.199, 18.1301, 5.86469, -1.11812
49, 3.2, 0.95753, 1, -42.1869, 31.6612, 550, 18.3581, 5.88151, -1.24372
50, 3.26667, 0.957006, 1, -42.2094, 31.5968, 550.072, 18.4521, 5.92789, -1.29272
51, 3.33333, 0.954991, 1, -42.2814, 31.4939, 549.644, 18.4886, 5.99032, -1.2854
52, 3.4, 0.955756, 1, -42.5141, 31.4911, 550.666, 18.3865, 6.02814, -1.37534
53, 3.46667, 0.956268, 1, -42.5771, 31.4064, 550.229, 18.4285, 6.042, -1.36704
54, 3.53333, 0.956543, 1, -42.701, 31.3228, 550.341, 18.4445, 6.07215, -1.35831
55, 3.6, 0.957903, 1, -42.8283, 31.3044, 549.984, 18.6307, 6.21343, -1.36606
56, 3.66667, 0.955198, 1, -43.0398, 31.4234, 551.011, 18.6642, 6.27299, -1.4769
57, 3.73333, 0.953661, 1, -43.1586, 31.5014, 551.219, 18.7, 6.42011, -1.51793
58, 3.8, 0.95518, 1, -43.2236, 31.5611, 551.232, 18.6767, 6.40772, -1.56434
59, 3.86667, 0.957821, 1, -43.2634, 31.7213, 551.545, 18.7876, 6.45349, -1.60062
60, 3.93333, 0.957964, 1, -43.1155, 31.9124, 550.822, 18.8986, 6.35669, -1.58398
61, 4, 0.955601, 1, -43.0156, 32.1929, 550.815, 19.178, 6.39548, -1.63671
62, 4.06667, 0.964096, 1, -42.857, 32.3425, 550.398, 19.3338, 6.36697, -1.58715
63, 4.13333, 0.962125, 1, -42.7234, 32.4891, 550.535, 19.2989, 6.32629, -1.49543
64, 4.2, 0.957797, 1, -42.6668, 32.6682, 550.259, 19.4559, 6.2908, -1.4983
65, 4.26667, 0.960388, 1, -42.6104, 32.9402, 550.864, 19.5248, 6.2663, -1.51983
66, 4.33333, 0.96109, 1, -42.5244, 32.9477, 550.334, 19.6216, 6.26885, -1.49281
67, 4.4, 0.959681, 1, -42.4141, 32.8965, 549.98, 19.472, 6.22991, -1.47893
68, 4.46667, 0.956824, 1, -42.3534, 32.7711, 549.45, 19.4086, 6.22467, -1.42699
69, 4.53333, 0.956771, 1, -42.3207, 32.7619, 549.388, 19.409, 6.2187, -1.46605
70, 4.6, 0.960999, 1, -42.2372, 32.892, 549.998, 19.5125, 6.36331, -1.42051
71, 4.66667, 0.965014, 1, -41.6333, 32.8479, 550.106, 19.3029, 6.38629, -1.04653
72, 4.73333, 0.962964, 1, -41.5861, 32.9864, 550.626, 19.2254, 6.38527, -1.03362
73, 4.8, 0.962571, 1, -41.2666, 33.0192, 549.759, 19.3426, 6.28585, -0.919988
74, 4.86667, 0.959989, 1, -41.1523, 33.077, 549.954, 19.3788, 6.19796, -0.878874
75, 4.93333, 0.960186, 1, -40.9975, 33.0981, 549.514, 19.4635, 6.15251, -0.806455
76, 5, 0.959065, 1, -40.981, 33.0843, 549.23, 19.4126, 6.18241, -0.87152
77, 5.06667, 0.957862, 1, -41.009, 33.1546, 549.784, 19.1638, 6.14692, -0.8691
78, 5.13333, 0.956594, 1, -41.0001, 33.1691, 549.47, 19.1373, 6.08051, -0.877715
79, 5.2, 0.956744, 1, -41.1364, 33.2109, 549.95, 19.1476, 6.13915, -0.898019
80, 5.26667, 0.958165, 1, -41.6228, 33.4164, 550.845, 19.0781, 6.13646, -1.17793
81, 5.33333, 0.959273, 1, -41.6824, 33.5381, 550.782, 19.2803, 6.26591, -1.19469
82, 5.4, 0.960523, 1, -41.774, 33.6029, 551.103, 19.325, 6.26234, -1.24926
83, 5.46667, 0.966225, 1, -41.9752, 33.8185, 552.507, 19.1901, 6.3777, -1.34108
84, 5.53333, 0.970221, 1, -42.0682, 33.9634, 553.397, 19.1877, 6.47191, -1.32055
85, 5.6, 0.969347, 1, -42.2336, 34.1363, 554.461, 19.4683, 6.65539, -1.39001
86, 5.66667, 0.966824, 1, -42.3277, 34.4472, 556.564, 19.4674, 6.76685, -1.38954
87, 5.73333, 0.965336, 1, -42.317, 34.5041, 557.199, 19.4162, 6.76786, -1.37831
88, 5.8, 0.964108, 1, -42.2796, 34.5434, 557.465, 19.4373, 6.75055, -1.38003
89, 5.86667, 0.965286, 1, -42.3201, 34.5386, 557.634, 19.5045, 6.79583, -1.41445
90, 5.93333, 0.964209, 1, -42.3021, 34.5149, 557.372, 19.4984, 6.83258, -1.43396
91, 6, 0.966525, 1, -42.3387, 34.5498, 557.41, 19.5207, 6.87319, -1.41311
92, 6.06667, 0.966703, 1, -42.4112, 34.5924, 557.428, 19.3784, 6.87296, -1.40692
93, 6.13333, 0.965923, 1, -42.4703, 34.5986, 557.377, 19.5368, 6.94117, -1.46842
94, 6.2, 0.965732, 1, -42.4996, 34.6597, 557.814, 19.4515, 6.91991, -1.46259
95, 6.26667, 0.964938, 1, -42.4268, 34.6264, 557.16, 19.5975, 6.91477, -1.47825
96, 6.33333, 0.965229, 1, -42.4098, 34.698, 557.592, 19.497, 6.86541, -1.4547
97, 6.4, 0.964287, 1, -42.3476, 34.6962, 557.378, 19.5715, 6.85987, -1.44846
98, 6.46667, 0.96673, 1, -42.3976, 34.7653, 557.475, 19.5963, 6.93985, -1.49738
99, 6.53333, 0.966285, 1, -42.4543, 34.8132, 557.578, 19.4999, 6.90356, -1.49437
100, 6.6, 0.965141, 1, -42.497, 34.7136, 557.238, 19.6729, 6.91272, -1.55278
101, 6.66667, 0.965482, 1, -42.7053, 34.777, 558.18, 19.4668, 6.98738, -1.55986
102, 6.73333, 0.96569, 1, -42.6915, 34.707, 557.047, 19.5597, 6.95623, -1.57014
103, 6.8, 0.963045, 1, -42.959, 34.9161, 558.845, 19.1417, 7.03308, -1.54711
104, 6.86667, 0.963071, 1, -43.0165, 34.779, 558.267, 19.2942, 7.03398, -1.62687
105, 6.93333, 0.963908, 1, -43.215, 34.7199, 558.839, 19.1766, 7.15419, -1.66901
106, 7, 0.963916, 1, -43.1709, 34.6556, 558.329, 19.4996, 7.20143, -1.78188
107, 7.06667, 0.962856, 1, -43.1653, 34.83, 558.968, 19.2933, 7.11186, -1.73797
108, 7.13333, 0.963488, 1, -42.9845, 34.8446, 557.698, 19.6428, 7.0793, -1.76817
109, 7.2, 0.963814, 1, -43.1521, 34.9838, 559.108, 19.5606, 7.11192, -1.74624
110, 7.26667, 0.962815, 1, -43.0458, 34.9632, 558.155, 19.7822, 7.16256, -1.82563
111, 7.33333, 0.953553, 1, -42.5128, 35.4142, 559.957, 19.2825, 7.02879, -1.45482
112, 7.4, 0.950453, 1, -42.2979, 35.5939, 560.633, 18.9039, 6.91124, -1.24269
113, 7.46667, 0.951213, 1, -42.2914, 35.673, 560.899, 19.0044, 6.86612, -1.25749
114, 7.53333, 0.948456, 1, -42.4804, 35.4854, 561.385, 18.6466, 6.82793, -1.16529
115, 7.6, 0.949182, 1, -42.4385, 35.4607, 561.052, 18.7434, 6.78962, -1.15955
116, 7.66667, 0.952886, 1, -42.474, 35.5651, 560.922, 18.8437, 6.74414, -1.16628
117, 7.73333, 0.951667, 1, -42.4691, 35.613, 560.528, 19.0655, 6.75157, -1.18246
118, 7.8, 0.949011, 1, -42.413, 35.7102, 560.263, 19.0542, 6.63765, -1.20282
119, 7.86667, 0.950629, 1, -42.3291, 35.747, 560.155, 19.0641, 6.61636, -1.18884
120, 7.93333, 0.9489, 1, -42.2772, 35.7933, 560.069, 19.1571, 6.59461, -1.19336
121, 8, 0.94961, 1, -42.1783, 35.9497, 559.619, 19.2189, 6.5853, -1.18944
122, 8.06667, 0.950649, 1, -42.0605, 36.0304, 558.807, 19.2125, 6.49444, -1.09747
123, 8.13333, 0.953185, 1, -41.96, 36.0874, 558.937, 19.0242, 6.42369, -1.0793
124, 8.2, 0.952022, 1, -41.9145, 36.1261, 559.194, 18.8881, 6.39517, -1.06771
125, 8.26667, 0.95362, 1, -41.8132, 36.1696, 558.917, 18.8761, 6.40916, -1.06148
126, 8.33333, 0.953778, 1, -41.7584, 36.2583, 558.886, 18.9255, 6.44093, -1.12283
127, 8.4, 0.952255, 1, -41.7107, 36.3239, 558.858, 18.9126, 6.4599, -1.09461
128, 8.46667, 0.953028, 1, -41.7323, 36.3299, 558.952, 18.887, 6.5074, -1.07247
129, 8.53333, 0.955038, 1, -41.7972, 36.3632, 558.963, 18.8098, 6.48644, -1.09947
130, 8.6, 0.949126, 1, -41.8569, 36.4363, 559.177, 18.7966, 6.49055, -1.13852
131, 8.66667, 0.949219, 1, -42.017, 36.4982, 559.466, 18.698, 6.55168, -1.17811
132, 8.73333, 0.949739, 1, -42.1355, 36.4416, 559.274, 18.7372, 6.56359, -1.18169
133, 8.8, 0.949614, 1, -42.209, 36.4251, 559.109, 18.8064, 6.59674, -1.21796
134, 8.86667, 0.948897, 1, -42.1768, 36.5626, 559.208, 18.9767, 6.56443, -1.22458
135, 8.93333, 0.949504, 1, -42.0092, 36.7068, 558.458, 19.1691, 6.48055, -1.13636
136, 9, 0.966182, 1, -41.8324, 36.2566, 555.804, 19.4797, 6.50895, -1.19778
137, 9.06667, 0.957875, 1, -41.4937, 35.6146, 552.008, 19.6475, 6.45993, -1.12341
138, 9.13333, 0.962452, 1, -41.1299, 34.9918, 548.259, 19.9078, 6.37724, -0.954965
139, 9.2, 0.961934, 1, -40.9782, 34.8962, 547.815, 19.8444, 6.40035, -0.815649
140, 9.26667, 0.961253, 1, -40.7816, 34.9044, 548.137, 19.7787, 6.32893, -0.60271
141, 9.33333, 0.96142, 1, -40.6423, 34.8617, 547.998, 19.5555, 6.27419, -0.502528
142, 9.4, 0.96326, 1, -40.3869, 34.7536, 547.749, 19.598, 6.21559, -0.347227
143, 9.46667, 0.962883, 1, -40.2614, 34.7309, 547.366, 19.6593, 6.14297, -0.356754
144, 9.53333, 0.962068, 1, -40.2547, 34.7395, 547.725, 19.6473, 6.18351, -0.331375
145, 9.6, 0.96166, 1, -40.2132, 34.7264, 547.526, 19.5982, 6.12676, -0.303817
146, 9.66667, 0.963744, 1, -40.2595, 34.6763, 547.537, 19.6454, 6.16183, -0.288087
147, 9.73333, 0.962827, 1, -40.3072, 34.7104, 547.841, 19.5952, 6.17058, -0.317249
148, 9.8, 0.961178, 1, -40.3078, 34.6901, 547.712, 19.6969, 6.16297, -0.319714
149, 9.86667, 0.960994, 1, -40.3492, 34.7286, 547.444, 19.6669, 6.10125, -0.339432
150, 9.93333, 0.958885, 1, -40.4164, 34.8025, 547.397, 19.7122, 6.08535, -0.33796
151, 10, 0.959966, 1, -40.4269, 34.8087, 546.886, 19.847, 6.08702, -0.399024
152, 10.0667, 0.959646, 1, -40.418, 34.87, 547.051, 19.9073, 6.00073, -0.435172
153, 10.1333, 0.958037, 1, -40.3984, 35.3649, 548.794, 20.0921, 5.75748, -0.464942
154, 10.2, 0.959501, 1, -40.8071, 36.4073, 554.221, 20.2523, 5.23437, -0.59281
155, 10.2667, 0.962585, 1, -41.4841, 37.785, 561.209, 20.713, 4.64416, -0.725826
156, 10.3333, 0.955731, 1, -41.0266, 37.6875, 560.413, 20.9529, 2.97082, -0.557955
157, 10.4, 0.95745, 1, -40.3915, 37.7562, 562.584, 20.2812, 1.13628, 0.0823926
158, 10.4667, 0.963953, 1, -40.5179, 37.3394, 563.184, 19.8381, -0.599726, 0.70317
159, 10.5333, 0.963088, 1, -41.3291, 36.975, 566.58, 19.4422, -2.36069, 0.815769
160, 10.6, 0.960027, 1, -42.3793, 36.6352, 567.731, 19.4494, -3.75154, 0.963861
161, 10.6667, 0.954574, 1, -43.7718, 35.9168, 570.214, 19.1208, -5.18711, 0.993815
162, 10.7333, 0.956575, 1, -44.4811, 35.2595, 572.096, 18.9407, -6.23072, 0.760909
163, 10.8, 0.95648, 1, -45.176, 34.6843, 572.766, 18.8316, -7.20898, 0.592108
164, 10.8667, 0.95269, 1, -45.435, 34.8701, 573.901, 18.5599, -7.93675, 0.459679
165, 10.9333, 0.949446, 1, -45.749, 35.3367, 575.849, 18.7812, -8.5711, 0.350689
166, 11, 0.946535, 1, -46.3516, 35.5366, 576.259, 19.0919, -8.82552, 0.312287
167, 11.0667, 0.946667, 1, -47.5655, 35.2657, 577.034, 18.9111, -8.90087, 0.539552
168, 11.1333, 0.949427, 1, -49.2823, 35.1137, 578.135, 18.9897, -8.82676, 0.416935
169, 11.2, 0.950544, 1, -51.3267, 34.9789, 578.806, 18.7981, -8.65896, 0.255949
170, 11.2667, 0.940645, 1, -53.2654, 34.6206, 578.31, 18.8459, -8.55008, -0.173362
171, 11.3333, 0.953917, 1, -54.0524, 34.5229, 576.471, 19.2886, -8.9273, -0.490634
172, 11.4, 0.94466, 1, -53.9968, 34.9585, 573.318, 19.5608, -9.41389, -0.580239
173, 11.4667, 0.945039, 1, -52.9579, 35.4355, 571.391, 19.8547, -10.0595, -0.766129
174, 11.5333, 0.933903, 1, -51.3641, 35.5356, 569.67, 19.2007, -11.6448, -0.720308
175, 11.6, 0.9326, 1, -49.0102, 35.5098, 565.723, 18.6721, -13.7299, -0.605229
176, 11.6667, 0.938991, 1, -46.133, 35.7339, 565.275, 17.5312, -15.4297, -0.433784
177, 11.7333, 0.942441, 1, -42.937, 36.0759, 572.704, 15.6813, -17.437, 0.14646
178, 11.8, 0.942442, 1, -38.9297, 36.1738, 580.222, 13.7203, -19.9806, 0.715214
179, 11.8667, 0.935515, 1, -34.2669, 35.1734, 582.306, 12.5888, -22.9659, 1.45893
180, 11.9333, 0.943194, 1, -29.3001, 33.5698, 583.396, 11.8114, -26.1666, 2.27253
181, 12, 0.957965, 1, -24.0096, 31.5618, 582.624, 11.0059, -29.5149, 2.69256
182, 12.0667, 0.826731, 1, -19.4187, 28.7453, 578.959, 8.57459, -34.8292, 2.20212
183, 12.1333, 0.858617, 1, -15.3102, 26.1516, 578.075, 10.6299, -39.8895, 3.81232
184, 12.2, 0.83607, 1, -11.4535, 23.7884, 571.377, 12.2066, -41.7419, 5.39911
185, 12.2667, 0.812202, 1, -8.24936, 20.5063, 573.603, 12.9688, -42.8267, 6.01644
186, 12.3333, 0.844158, 1, -7.08192, 17.5715, 584.91, 12.0769, -40.6038, 5.21644
187, 12.4, 0.837164, 1, -5.3955, 13.5399, 597.524, 11.1689, -39.7677, 4.35854
188, 12.4667, 0.757551, 1, -2.83754, 9.32804, 591.356, 8.7404, -40.2741, 2.45315
189, 12.5333, 0.658577, 0, -1.04473, 5.99144, 583.887, 9.73027, -41.9193, 2.24915
190, 12.6, 0.695437, 0, -3.54533, -2.13862, 611.686, 11.8831, -38.721, -2.39475
191, 12.6667, 0.649476, 0, -0.0544357, -6.05044, 615.445, 4.99697, -39.9254, -8.63638
192, 12.7333, 0.576875, 0, 1.75324, -9.52868, 618.323, -0.0984325, -40.2616, -11.3132
193, 12.8, 0.534759, 0, 2.27038, -13.4153, 624.366, -1.33776, -40.9499, -13.1671
194, 12.8667, 0.494321, 0, 2.85684, -15.0324, 622.08, 0.439319, -40.7767, -13.331
195, 12.9333, 0.47745, 0, 3.56798, -18.6722, 622.267, -1.80847, -39.9765, -15.4826
196, 13, 0.452191, 0, 4.01299, -22.3406, 626.792, -3.09965, -39.8126, -17.4474
197, 13.0667, 0.437436, 0, 4.07279, -26.6163, 633.219, -4.82456, -38.5541, -18.7211
198, 13.1333, 0.460038, 0, 3.79178, -30.7498, 639.569, -6.6357, -37.5988, -20.0347
199, 13.2, 0.444729, 0, 3.55578, -34.8192, 642.265, -8.28608, -36.1798, -22.3212
200, 13.2667, 0.459228, 0, 3.33242, -38.9509, 649.145, -10.3773, -35.4677, -24.9228
201, 13.3333, 0.464556, 0, 3.10606, -41.4237, 645.309, -12.1411, -35.1508, -26.9769
202, 13.4, 0.427359, 0, 2.83443, -42.6241, 639.899, -13.3479, -35.8332, -28.4991
203, 13.4667, 0.434594, 0, 2.05515, -43.9405, 646.109, -14.3437, -36.6727, -29.1379
204, 13.5333, 0.425294, 0, 1.42966, -44.2358, 648.638, -14.561, -36.7211, -28.7117
205, 13.6, 0.422342, 0, 0.57888, -43.1312, 646.786, -13.589, -37.1828, -28.0899
206, 13.6667, 0.40638, 0, -1.13541, -42.9853, 653.268, -12.8813, -36.9977, -27.0679
207, 13.7333, 0.393908, 0, -2.25849, -41.5294, 657.488, -11.4477, -37.4648, -26.2772
208, 13.8, 0.463154, 0, -3.63133, -40.4797, 651.911, -12.8454, -34.9601, -25.6426
209, 13.8667, 0.227428, 0, -3.41498, -40.928, 655.727, -12.3477, -34.2926, -25.1393
210, 13.9333, 0.41172, 0, -2.76701, -40.922, 654.548, -11.9814, -35.5423, -25.6871
211, 14, 0.412139, 0, -2.14955, -41.1258, 655.689, -11.9932, -36.3723, -25.8475
212, 14.0667, 0.465091, 0, -2.47566, -43.7428, 656.172, -12.6924, -34.6275, -26.4266
213, 14.1333, 0.394638, 0, -0.0945187, -44.7285, 655.498, -12.5846, -35.9865, -27.3867
214, 14.2, 0.523184, 0, -0.872018, -45.9637, 639.295, -14.5801, -32.6586, -28.4621
215, 14.2667, 0.530202, 0, -0.148533, -46.6079, 638.631, -15.2384, -33.4319, -29.2723
216, 14.3333, 0.56606, 0, -0.0492483, -47.2311, 638.627, -15.273, -33.1798, -29.9652
217, 14.4, 0.572855, 0, 0.420803, -47.5994, 632.868, -17.9342, -31.8886, -29.8288
218, 14.4667, 0.577269, 0, 0.0896507, -47.0382, 634.383, -16.4536, -31.3523, -29.3079
219, 14.5333, 0.591739, 0, 0.422616, -44.6459, 624.295, -16.3762, -32.3932, -30.3426
220, 14.6, 0.566304, 0, 1.02897, -44.6903, 636.111, -15.5672, -32.8077, -28.8088
221, 14.6667, 0.542955, 0, 1.34526, -42.7731, 642.107, -13.428, -33.6537, -27.4725
222, 14.7333, 0.541228, 0, 1.81522, -39.0285, 640.964, -12.3661, -34.335, -25.916
223, 14.8, 0.546589, 0, 1.94797, -34.2559, 632.078, -11.1545, -34.3584, -24.1283
224, 14.8667, 0.561543, 0, 3.2567, -28.7967, 624.639, -9.87226, -35.3225, -22.2438
225, 14.9333, 0.575457, 0, 3.27708, -22.3629, 604.845, -10.5691, -35.4874, -20.611
226, 15, 0.599451, 0, 3.81969, -15.3949, 591.048, -9.33946, -35.4043, -18.2599
227, 15.0667, 0.598743, 0, 4.14738, -8.68915, 584.199, -7.04006, -33.8751, -15.4448
228, 15.1333, 0.764553, 1, 2.80011, -2.11886, 582.325, -6.18111, -32.7303, -13.9737
229, 15.2, 0.840597, 1, 0.307107, 10.1034, 536.105, 9.35591, -30.4063, -1.03552
230, 15.2667, 0.833715, 1, -1.64308, 17.1094, 568.147, 11.3672, -36.7761, 1.06214
231, 15.3333, 0.837206, 1, -6.57525, 23.2979, 580.789, 12.4721, -37.9429, 4.08499
232, 15.4, 0.8047, 1, -10.8175, 28.7438, 586.219, 12.7733, -37.6624, 5.97758
233, 15.4667, 0.762732, 1, -14.7066, 33.3554, 593.06, 14.1323, -38.0538, 8.00058
234, 15.5333, 0.78167, 1, -17.8346, 37.2716, 600.301, 14.8554, -36.4924, 9.43461
235, 15.6, 0.796721, 1, -22.1151, 40.5882, 610.004, 15.9891, -34.5134, 10.3606
236, 15.6667, 0.792672, 1, -26.693, 42.9752, 616.977, 16.3447, -33.1727, 10.7267
237, 15.7333, 0.958392, 1, -30.7238, 44.8535, 619.956, 17.7134, -31.203, 10.5579
238, 15.8, 0.965807, 1, -33.2414, 44.8282, 614.802, 20.6542, -28.1346, 11.0972
239, 15.8667, 0.965003, 1, -35.7216, 45.1619, 613.443, 21.6708, -26.2495, 11.3484
240, 15.9333, 0.969872, 1, -37.2027, 45.7887, 612.213, 22.0179, -25.2738, 11.393
241, 16, 0.970609, 1, -38.1657, 45.97, 610.752, 22.0701, -24.2782, 11.2103
242, 16.0667, 0.971405, 1, -38.7006, 46.1941, 608.755, 22.3381, -23.2484, 11.0863
243, 16.1333, 0.96935, 1, -39.148, 46.5987, 608.093, 22.5504, -22.5649, 11.0893
244, 16.2, 0.96735, 1, -39.4156, 47.2791, 606.911, 22.5784, -22.0145, 10.9092
245, 16.2667, 0.966237, 1, -39.6042, 47.6699, 605.586, 22.463, -21.5368, 10.7088
246, 16.3333, 0.966302, 1, -39.3028, 47.8721, 604.101, 22.487, -21.2258, 10.7244
247, 16.4, 0.968712, 1, -39.0244, 48.1454, 604.334, 22.5385, -20.977, 10.85
248, 16.4667, 0.965391, 1, -38.4379, 48.1623, 604.223, 22.6279, -21.0549, 10.9905
249, 16.5333, 0.963229, 1, -37.5149, 47.9588, 603.287, 22.4966, -21.0704, 11.2328
250, 16.6, 0.96445, 1, -37.0678, 47.7354, 604.172, 22.3814, -21.0593, 11.2214
251, 16.6667, 0.963045, 1, -36.7649, 46.8336, 602.886, 22.1777, -20.5943, 11.3343
252, 16.7333, 0.964174, 1, -37.6044, 45.3368, 601.526, 21.8236, -19.8456, 10.8757
253, 16.8, 0.949295, 1, -39.363, 42.7602, 593.981, 21.3142, -17.9107, 9.88716
254, 16.8667, 0.929893, 1, -41.8578, 40.6731, 589.286, 19.8914, -15.9385, 8.56002
255, 16.9333, 0.931426, 1, -45.0979, 39.1282, 591.416, 19.4038, -14.1409, 7.7318
256, 17, 0.931329, 1, -49.0315, 37.5611, 597.977, 18.8311, -11.6243, 6.79491
257, 17.0667, 0.940666, 1, -53.8215, 35.0623, 603.638, 16.8804, -8.36337, 6.23496
258, 17.1333, 0.950323, 1, -57.9987, 31.9169, 603.891, 15.5034, -5.94959, 5.5565
259, 17.2, 0.956751, 1, -61.1359, 28.5982, 601.395, 14.4082, -3.68415, 4.50373
260, 17.2667, 0.962472, 1, -62.4379, 24.9651, 593.613, 14.194, -1.28614, 3.55217
261, 17.3333, 0.964667, 1, -62.9996, 21.4685, 588.16, 13.8741, 0.444003, 2.57173
262, 17.4, 0.962199, 1, -62.7126, 18.3066, 585.288, 12.5425, 1.76155, 1.69759
263, 17.4667, 0.959432, 1, -62.1413, 15.6232, 583.974, 11.038, 2.75031, 1.09191
264, 17.5333, 0.963914, 1, -61.4114, 13.3952, 583.017, 9.45597, 3.42812, 0.857453
265, 17.6, 0.963982, 1, -60.5862, 11.6166, 580.742, 8.14315, 4.05092, 0.570582
266, 17.6667, 0.95977, 1, -59.5582, 11.0538, 578.06, 7.42525, 4.66133, 0.313535
267, 17.7333, 0.966463, 1, -58.5121, 12.0502, 576.487, 7.915, 4.9828, 0.294058
268, 17.8, 0.967609, 1, -57.2468, 13.6203, 576.026, 8.7254, 5.05752, 0.104461
269, 17.8667, 0.962592, 1, -55.687, 15.0854, 573.512, 9.37304, 4.87547, 0.104826
270, 17.9333, 0.966101, 1, -54.1482, 16.1002, 570.483, 10.0987, 4.56596, 0.1528
271, 18, 0.964772, 1, -52.6122, 17.1403, 565.377, 10.7164, 4.34111, 0.225299
272, 18.0667, 0.964716, 1, -50.8734, 18.27, 560.713, 11.2351, 3.93954, 0.120771
273, 18.1333, 0.962591, 1, -48.6524, 19.5049, 556.461, 11.9948, 3.51325, 0.00838511
274, 18.2, 0.960246, 1, -46.2199, 20.631, 553.06, 12.9433, 3.01171, 0.0484745
275, 18.2667, 0.960841, 1, -43.9044, 21.4445, 550.994, 13.237, 2.32435, 0.187916
276, 18.3333, 0.960592, 1, -41.9455, 22.1019, 550.312, 13.5458, 1.84131, 0.236398
277, 18.4, 0.959887, 1, -40.3059, 22.7805, 550.458, 13.7701, 1.52477, 0.319463
278, 18.4667, 0.955883, 1, -38.6464, 23.3769, 550.981, 13.7302, 1.054, 0.507425
279, 18.5333, 0.957082, 1, -37.148, 23.8422, 551.436, 13.7342, 0.433666, 0.659532
280, 18.6, 0.955571, 1, -35.966, 24.021, 552.688, 13.4163, -0.240819, 0.646304
281, 18.6667, 0.957441, 1, -34.9224, 23.8085, 553.149, 12.8465, -0.826333, 0.704844
282, 18.7333, 0.956495, 1, -34.1182, 23.5293, 553.413, 12.4439, -1.27445, 0.808046
283, 18.8, 0.956822, 1, -33.7151, 23.3933, 553.404, 12.5259, -1.42856, 0.912684
284, 18.8667, 0.956321, 1, -33.9023, 23.3091, 552.904, 12.5042, -1.42271, 0.916475
285, 18.9333, 0.959349, 1, -34.1285, 23.2162, 552.708, 12.5143, -1.41738, 0.851421
286, 19, 0.955449, 1, -34.428, 23.1285, 552.628, 12.5555, -1.44011, 0.884853
287, 19.0667, 0.957765, 1, -34.4279, 23.1858, 551.909, 12.6069, -1.6042, 1.01352
288, 19.1333, 0.955247, 1, -34.3855, 23.1929, 551.264, 12.6744, -1.80473, 1.07585
289, 19.2, 0.957179, 1, -34.2223, 23.3505, 551.168, 12.6821, -2.01803, 1.07095
290, 19.2667, 0.95595, 1, -34.0082, 23.5141, 550.798, 12.7248, -2.18256, 1.13528
291, 19.3333, 0.957357, 1, -33.7678, 23.6329, 549.671, 12.9889, -2.29771, 1.18229
292, 19.4, 0.957344, 1, -33.5896, 23.8312, 549.693, 13.14, -2.33807, 1.21111
293, 19.4667, 0.952846, 1, -33.3973, 24.2259, 549.576, 13.1202, -2.41567, 1.19233
294, 19.5333, 0.955143, 1, -33.4604, 24.3827, 549.723, 13.2062, -2.32866, 1.20497
295, 19.6, 0.958444, 1, -33.5901, 24.5412, 549.334, 13.4287, -2.25148, 1.22567
296, 19.6667, 0.959033, 1, -33.8145, 24.5283, 549.72, 13.5629, -2.25155, 1.15852
297, 19.7333, 0.956574, 1, -33.9838, 24.608, 549.416, 13.5873, -2.2938, 1.09096
298, 19.8, 0.954597, 1, -34.278, 24.6886, 550.154, 13.5148, -2.14196, 1.049
299, 19.8667, 0.953493, 1, -34.4248, 24.7251, 549.599, 13.6495, -2.11472, 1.01261
300, 19.9333, 0.954041, 1, -34.5839, 24.8235, 550.338, 13.5486, -2.04881, 0.952669
301, 20, 0.953073, 1, -34.5398, 24.7687, 549.595, 13.7912, -2.10273, 0.962116
302, 20.0667, 0.951634, 1, -34.5875, 24.8833, 550.239, 13.6383, -2.05247, 0.926206
303, 20.1333, 0.953625, 1, -34.8267, 24.9693, 550.04, 13.7569, -2.02707, 0.750417
304, 20.2, 0.954123, 1, -35.3292, 24.8835, 547.805, 13.6301, -2.18167, 0.140136
305, 20.2667, 0.953075, 1, -35.4846, 24.8712, 546.648, 13.5632, -2.0934, -0.166907
306, 20.3333, 0.952927, 1, -35.7242, 24.9615, 547.06, 13.9218, -1.83116, -0.251097
307, 20.4, 0.953092, 1, -35.9489, 25.0499, 547.208, 13.7123, -1.54998, -0.287026
308, 20.4667, 0.956365, 1, -36.569, 25.2577, 547.799, 13.9265, -1.02593, -0.416218
309, 20.5333, 0.953187, 1, -37.505, 25.4144, 548.223, 14.4485, -0.248351, -0.556048
310, 20.6, 0.950634, 1, -38.2496, 25.4311, 548.423, 14.7577, 0.355859, -0.714055
311, 20.6667, 0.953356, 1, -38.6259, 25.5177, 548.288, 14.8392, 0.560441, -0.79436
312, 20.7333, 0.95392, 1, -38.7212, 25.7206, 548.672, 15.026, 0.604178, -0.840509
313, 20.8, 0.956436, 1, -38.6372, 25.8369, 548.127, 15.0623, 0.39148, -0.813958
314, 20.8667, 0.95452, 1, -38.6312, 25.9674, 547.992, 15.0823, 0.296615, -0.823684
315, 20.9333, 0.950502, 1, -38.7149, 26.0575, 548.259, 15.0805, 0.298794, -0.868266
316, 21, 0.953435, 1, -38.8892, 26.1195, 548.202, 15.2952, 0.406303, -0.918698
317, 21.0667, 0.953147, 1, -39.1171, 26.2465, 548.279, 15.4404, 0.488178, -0.968627
318, 21.1333, 0.953326, 1, -39.2769, 26.3806, 548.284, 15.3679, 0.571254, -0.970232
319, 21.2, 0.952145, 1, -39.4319, 26.5003, 548.135, 15.476, 0.538988, -0.979932
320, 21.2667, 0.950883, 1, -39.5818, 26.6199, 547.612, 15.595, 0.581588, -0.957236
321, 21.3333, 0.95274, 1, -39.7194, 26.7112, 547.613, 15.7905, 0.612252, -0.947923
322, 21.4, 0.954284, 1, -39.868, 26.814, 547.842, 15.7121, 0.659374, -0.971254
323, 21.4667, 0.952705, 1, -39.9435, 26.7209, 548.284, 15.5002, 0.655848, -1.02962
324, 21.5333, 0.954911, 1, -39.9026, 26.6426, 548.089, 15.3038, 0.568666, -0.994522
325, 21.6, 0.955553, 1, -39.8488, 26.6558, 547.954, 15.3756, 0.512149, -0.933198
326, 21.6667, 0.95299, 1, -39.589, 26.717, 547.985, 15.2592, 0.454769, -0.840677
327, 21.7333, 0.954024, 1, -39.3402, 26.7774, 548.691, 15.1532, 0.303511, -0.834472
328, 21.8, 0.955175, 1, -39.1307, 26.8488, 548.124, 15.317, 0.353117, -0.773374
329, 21.8667, 0.953651, 1, -38.9672, 26.9726, 548.459, 15.3885, 0.308007, -0.752471
330, 21.9333, 0.956234, 1, -38.664, 27.1185, 549.327, 15.3819, 0.214707, -0.604251
331, 22, 0.960249, 1, -38.1655, 27.2685, 550.078, 15.5915, 0.229197, -0.360588
332, 22.0667, 0.959076, 1, -38.0474, 27.3143, 549.895, 15.5823, 0.181283, -0.339375
333, 22.1333, 0.959131, 1, -37.8728, 27.3631, 549.625, 15.5039, 0.121599, -0.305668
334, 22.2, 0.958763, 1, -37.6709, 27.4371, 549.929, 15.6004, 0.0976153, -0.226922
335, 22.2667, 0.959275, 1, -37.491, 27.5499, 549.862, 15.6337, 0.1233, -0.17352
336, 22.3333, 0.959607, 1, -37.4123, 27.6521, 550.203, 15.8097, 0.175123, -0.16674
337, 22.4, 0.960148, 1, -37.1705, 27.6594, 549.789, 15.605, 0.0142685, -0.0893467
338, 22.4667, 0.960498, 1, -36.9973, 27.702, 549.668, 15.6629, -0.0644419, -0.00549804
339, 22.5333, 0.960894, 1, -36.9095, 27.794, 549.378, 15.6429, -0.123812, -0.0314137
340, 22.6, 0.958059, 1, -36.8711, 27.854, 549.426, 15.7089, -0.0674032, -0.029617
341, 22.6667, 0.959946, 1, -36.8107, 27.8449, 549.459, 15.7628, -0.111348, -0.0300962
342, 22.7333, 0.958578, 1, -36.7882, 27.8493, 549.72, 15.7587, -0.0670622, -0.0233479
343, 22.8, 0.959242, 1, -36.8525, 27.8155, 549.767, 15.6671, -0.122774, -0.023433
344, 22.8667, 0.958435, 1, -36.8269, 27.8845, 549.439, 15.7653, -0.121323, -0.0368687
345, 22.9333, 0.957245, 1, -36.8153, 27.961, 549.503, 15.8536, -0.240027, -0.0339115
346, 23, 0.958438, 1, -36.8633, 28.0844, 549.723, 15.8987, -0.163363, -0.0611116
347, 23.0667, 0.960106, 1, -37.0363, 28.1389, 549.734, 15.9227, -0.111771, -0.0826165
348, 23.1333, 0.960246, 1, -37.1663, 28.2119, 549.57, 15.9922, -0.0867278, -0.0756718
349, 23.2, 0.959253, 1, -37.3789, 28.3053, 549.471, 15.9894, -0.0651429, -0.0758165
350, 23.2667, 0.956256, 1, -37.5693, 28.723, 552.246, 16.1862, 0.0517642, -0.0267787
351, 23.3333, 0.960047, 1, -37.9768, 29.3657, 556.668, 16.0778, 0.167199, 0.112626
352, 23.4, 0.960483, 1, -38.2632, 29.4656, 557.568, 16.1187, 0.176063, 0.122078
353, 23.4667, 0.959817, 1, -38.3674, 29.558, 557.901, 16.167, 0.0761429, 0.0902848
354, 23.5333, 0.961006, 1, -38.3606, 29.6893, 558.17, 16.1674, -0.0669214, 0.126568
355, 23.6, 0.960925, 1, -38.2467, 29.9033, 558.811, 16.1249, -0.273983, 0.20966
356, 23.6667, 0.959464, 1, -38.1183, 30.0907, 559.042, 16.161, -0.403941, 0.230826
357, 23.7333, 0.959665, 1, -37.9737, 30.2983, 558.823, 16.2668, -0.434429, 0.324022
358, 23.8, 0.962166, 1, -37.8612, 30.5053, 558.458, 16.2889, -0.555316, 0.359667
359, 23.8667, 0.960325, 1, -37.7537, 30.6134, 558.22, 16.2773, -0.64159, 0.351241
360, 23.9333, 0.959054, 1, -37.7466, 30.6944, 558.174, 16.3656, -0.668462, 0.3441
361, 24, 0.959013, 1, -37.7696, 30.8099, 558.139, 16.5244, -0.596584, 0.272791
362, 24.0667, 0.959433, 1, -37.7612, 31.0185, 557.998, 16.7277, -0.589643, 0.256508
363, 24.1333, 0.960226, 1, -37.7016, 31.1552, 557.945, 16.9735, -0.603753, 0.24877
364, 24.2, 0.958428, 1, -37.776, 31.245, 558.259, 16.9857, -0.571633, 0.25026
365, 24.2667, 0.958994, 1, -37.8448, 31.2901, 558.265, 16.997, -0.530901, 0.25667
366, 24.3333, 0.956615, 1, -37.887, 31.3573, 558.337, 17.077, -0.468285, 0.215059
367, 24.4, 0.956993, 1, -37.9277, 31.4373, 558.601, 17.2147, -0.443331, 0.208049
368, 24.4667, 0.955711, 1, -37.8819, 31.4808, 558.583, 17.3082, -0.392434, 0.164222
369, 24.5333, 0.957251, 1, -37.8623, 31.4857, 558.978, 17.3332, -0.368878, 0.16214
370, 24.6, 0.956513, 1, -37.8296, 31.4884, 558.927, 17.3345, -0.392186, 0.17816
371, 24.6667, 0.956357, 1, -37.8349, 31.4466, 558.875, 17.594, -0.311096, 0.133757
372, 24.7333, 0.959332, 1, -37.8583, 31.1502, 556.365, 17.6566, -0.350018, -0.00608219
373, 24.8, 0.956208, 1, -37.7697, 30.9826, 554.738, 17.5041, -0.4011, -0.0374204
374, 24.8667, 0.956636, 1, -37.7891, 30.9533, 554.511, 17.4798, -0.43697, -0.0522793
375, 24.9333, 0.955497, 1, -37.7641, 30.8965, 553.88, 17.4629, -0.438091, -0.0946476
376, 25, 0.953831, 1, -37.8032, 30.8748, 553.62, 17.3215, -0.378636, -0.0953327
377, 25.0667, 0.954231, 1, -37.8298, 30.9289, 553.614, 17.388, -0.286138, -0.0677288
378, 25.1333, 0.955751, 1, -37.8407, 30.965, 553.873, 17.3566, -0.289161, -0.0699623
379, 25.2, 0.954918, 1, -37.8412, 30.944, 553.533, 17.3288, -0.249362, -0.0481305
380, 25.2667, 0.955088, 1, -37.7873, 30.9062, 553.146, 17.3212, -0.306817, -0.02046
381, 25.3333, 0.956893, 1, -37.7204, 30.9186, 553.254, 17.2942, -0.328166, -0.0334706
382, 25.4, 0.955108, 1, -37.6326, 30.8278, 552.812, 17.3369, -0.382946, 0.00172646
383, 25.4667, 0.958857, 1, -37.5914, 30.5104, 551.483, 17.6825, -0.324722, -0.0284561
384, 25.5333, 0.956702, 1, -37.5651, 30.008, 549.215, 17.7373, -0.27361, -0.0172262
385, 25.6, 0.960519, 1, -37.9838, 29.6725, 549.214, 17.5556, -0.286956, 0.00930982
386, 25.6667, 0.96201, 1, -38.7479, 28.9488, 549.351, 17.406, -0.0443756, -0.0150315
387, 25.7333, 0.961824, 1, -40.0305, 27.8093, 549.982, 17.0221, 0.194092, 0.0875798
388, 25.8, 0.961171, 1, -42.1342, 26.6074, 550.293, 16.692, 0.844957, 0.03963
389, 25.8667, 0.966078, 1, -44.0562, 24.6804, 550.514, 15.682, 1.2716, 0.196665
390, 25.9333, 0.965629, 1, -46.3555, 22.4182, 549.043, 14.0287, 1.31877, 0.489012
391, 26, 0.959993, 1, -48.9598, 20.4834, 547.346, 13.0318, 1.10225, 0.636085
392, 26.0667, 0.959879, 1, -51.2078, 19.2504, 548.039, 12.0623, 1.13419, 0.396056
393, 26.1333, 0.959096, 1, -53.0253, 18.5066, 545.615, 11.8475, 1.26211, 0.0977406
394, 26.2, 0.962755, 1, -53.8328, 19.1022, 542.928, 12.5956, 1.5352, -0.043148
395, 26.2667, 0.958595, 1, -54.3326, 19.4967, 540.9, 13.0775, 1.66147, -0.0221324
396, 26.3333, 0.961016, 1, -54.4239, 19.486, 538.842, 13.4495, 1.67236, 0.0666256
397, 26.4, 0.965036, 1, -54.9467, 18.9947, 536.921, 13.3862, 1.50737, 0.132605
398, 26.4667, 0.967483, 1, -54.7986, 17.1428, 535.424, 13.2887, 1.61602, -0.146411
399, 26.5333, 0.977084, 1, -55.0856, 12.5391, 536.182, 12.3715, 2.1081, 0.0145266
400, 26.6, 0.972835, 1, -55.0059, 3.07953, 537.213, 9.06633, 3.27865, 0.365897
401, 26.6667, 0.971856, 1, -53.8726, -9.98776, 544.031, 2.22901, 2.71183, 0.468281
402, 26.7333, 0.852969, 1, -58.2127, -17.5988, 597.668, 6.21108, 5.88467, -0.0553193
403, 26.8, 0.971015, 1, -46.2063, -51.2733, 532.521, 11.9081, 2.2259, 1.31608
404, 26.8667, 0.977682, 1, -44.1428, -64.8977, 536.923, 5.98541, 1.62563, 1.92214
405, 26.9333, 0.976221, 1, -42.7032, -76.8688, 541.269, 4.13482, 1.56627, 1.78953
406, 27, 0.971665, 1, -42.2334, -84.7273, 548.88, 6.6549, 2.0429, 1.42338
407, 27.0667, 0.966121, 1, -41.2983, -91.0537, 555.561, 9.37904, 2.11197, 0.758301
408, 27.1333, 0.967627, 1, -40.7328, -92.6606, 564.271, 14.3507, 1.79104, 0.66449
409, 27.2, 0.956322, 1, -40.1623, -87.9058, 556.702, 20.4337, 2.04048, 0.519775
410, 27.2667, 0.954865, 1, -40.8047, -79.3359, 550.489, 21.9718, 3.26529, 0.520714
411, 27.3333, 0.961545, 1, -42.862, -57.9627, 540.325, 21.8274, 3.28007, 0.293836
412, 27.4, 0.922589, 1, -47.1638, -36.6559, 545.798, 22.4804, 3.14543, -0.470784
413, 27.4667, 0.930757, 1, -51.5517, -12.0351, 553.466, 21.0169, 3.49021, -0.64346
414, 27.5333, 0.929175, 1, -51.8264, -0.113009, 539.24, 27.5175, 3.77516, -1.13179
415, 27.6, 0.919479, 1, -51.2061, 11.4786, 528.838, 35.3445, 3.76736, -1.69979
416, 27.6667, 0.939249, 1, -52.9751, 16.4559, 546.16, 33.2697, 3.96274, -1.68229
417, 27.7333, 0.949291, 1, -56.2383, 18.2497, 567.022, 30.6416, 4.81256, -1.33094
418, 27.8, 0.967011, 1, -62.3708, 16.4048, 586.65, 26.4264, 6.66098, -0.784657
419, 27.8667, 0.960623, 1, -69.9881, 13.4443, 594.924, 24.0271, 8.5667, -0.367753
420, 27.9333, 0.96083, 1, -78.8288, 10.9949, 603.317, 23.3479, 11.0737, -0.897221
421, 28, 0.968134, 1, -87.5418, 3.28975, 625.047, 19.2052, 12.1375, -1.08308
422, 28.0667, 0.968953, 1, -96.4788, -16.2133, 641.94, 18.2807, 12.7159, -1.70081
423, 28.1333, 0.973452, 1, -102.507, -29.9724, 668.811, 11.0718, 16.3906, 0.365512
424, 28.2, 0.96665, 1, -108.94, -41.9124, 686.004, 2.56752, 19.2527, 1.60919
425, 28.2667, 0.933523, 1, -110.522, -41.048, 658.907, 1.4254, 20.9636, 1.23464
426, 28.3333, 0.937447, 1, -115.97, -24.6388, 608.099, 15.2868, 10.8996, 0.344808
427, 28.4, 0.918094, 1, -135.612, -9.03141, 605.125, 12.9072, 10.6019, 0.343978
428, 28.4667, 0.921404, 1, -157.817, 2.21958, 612.936, 12.5594, 11.0625, -1.95706
429, 28.5333, 0.853012, 1, -167.242, 7.5056, 605.224, 12.0787, 13.3197, -3.73711
430, 28.6, 0.972031, 1, -203.293, 12.5147, 647.524, 17.8938, 12.6969, -6.35921
431, 28.6667, 0.954929, 1, -215.819, 14.6807, 666.095, 17.9311, 15.4694, -8.11216
432, 28.7333, 0.967197, 1, -222.892, 17.0141, 683.492, 18.4885, 15.6358, -8.21669
433, 28.8, 0.97386, 1, -223.45, 20.1659, 699.089, 20.4141, 14.5474, -8.66641
434, 28.8667, 0.943199, 1, -214.8, 22.5402, 700.533, 23.9535, 8.77882, -8.12734
435, 28.9333, 0.916567, 1, -205.433, 24.0595, 706.688, 25.6922, 4.62699, -7.23722
436, 29, 0.820953, 1, -187.69, 21.9519, 672.485, 19.4171, -0.767284, -5.42689
437, 29.0667, 0.425882, 0, -186.592, 20.1449, 685.174, 13.4993, -3.25339, -4.10514
438, 29.1333, 0.250835, 0, -184.555, 17.2889, 678.907, 18.0659, -10.0573, 11.1224
439, 29.2, 0.258717, 0, -160.285, 12.4742, 641.37, 24.0408, -20.0987, 19.3458
440, 29.2667, 0.212083, 0, -143.323, 8.33829, 611.692, 25.9054, -26.5932, 24.0224
441, 29.3333, 0.943865, 1, -121.204, -2.67447, 813.967, 13.1255, 5.04357, -3.03042
442, 29.4, 0.949442, 1, -115.624, -8.94174, 819.33, 10.6376, 4.68565, -2.33231
443, 29.4667, 0.961867, 1, -111.45, -16.6543, 822.846, 7.99471, 3.98756, -2.03726
444, 29.5333, 0.966662, 1, -107.071, -27.151, 819.858, 3.49828, 3.70129, -2.58838
445, 29.6, 0.972029, 1, -103.351, -37.137, 812.53, -0.131038, 4.33712, -3.11272
446, 29.6667, 0.972899, 1, -101.418, -45.3584, 810.085, -1.14799, 5.38028, -3.13465
447, 29.7333, 0.972759, 1, -99.5281, -52.5937, 803.954, -1.49113, 6.488, -3.19296
448, 29.8, 0.963039, 1, -97.601, -54.054, 795.717, 0.124559, 7.41133, -3.61222
449, 29.8667, 0.965499, 1, -95.7337, -48.8905, 791.164, 5.50182, 7.22621, -3.34908
450, 29.9333, 0.966846, 1, -94.491, -37.3707, 783.027, 12.9552, 7.1684, -3.05117
451, 30, 0.94321, 1, -92.0704, -24.3803, 771.7, 20.9454, 6.32923, -3.4677
452, 30.0667, 0.728939, 1, -102.954, -24.3832, 855.488, 22.3234, 4.49576, -3.5505
453, 30.1333, 0.75185, 1, -108.07, -18.1809, 870.012, 21.2811, 3.99379, -4.42635
454, 30.2, 0.769025, 1, -111.291, -15.7637, 862.09, 18.6777, 5.09579, -2.76669
455, 30.2667, 0.810461, 1, -115.142, -18.5104, 857.409, 11.3904, 4.27209, -1.67806
456, 30.3333, 0.740557, 1, -114.85, -22.6504, 837.989, 6.42349, 3.51004, -0.792786
457, 30.4, 0.934909, 1, -94.0618, -4.79561, 677.168, 11.6911, 5.80096, -1.60024
458, 30.4667, 0.945111, 1, -92.2712, -6.50684, 652.858, 13.2799, 6.00611, -1.97655
459, 30.5333, 0.946781, 1, -90.8014, -7.80659, 629.204, 14.6549, 6.50784, -1.93357
460, 30.6, 0.949567, 1, -88.1259, -6.68388, 608.944, 16.342, 6.7709, -1.89083
461, 30.6667, 0.951933, 1, -84.1299, -5.20729, 595.187, 17.4893, 6.12256, -1.77517
462, 30.7333, 0.956605, 1, -79.0145, -3.45762, 583.437, 18.4383, 5.40195, -1.68539
463, 30.8, 0.956159, 1, -74.3503, -1.54652, 576.598, 18.5873, 5.45913, -1.72024
464, 30.8667, 0.958732, 1, -68.4493, -0.599112, 567.943, 17.3111, 5.94082, -1.89281
465, 30.9333, 0.95945, 1, -61.8032, -0.414671, 560.58, 14.4904, 5.91564, -1.5906
466, 31, 0.960344, 1, -55.5894, 1.57251, 555.551, 13.3898, 5.34325, -0.99541
467, 31.0667, 0.971387, 1, -50.7204, 5.6965, 550.697, 14.1022, 5.27054, -0.698818
468, 31.1333, 0.971241, 1, -47.2347, 11.7586, 544.818, 15.8798, 5.11727, -0.144673
469, 31.2, 0.970633, 1, -44.0613, 16.7821, 540.319, 17.0361, 4.62243, 0.365187
470, 31.2667, 0.970124, 1, -40.7417, 20.2948, 536.019, 16.9411, 3.97132, 0.542713
471, 31.3333, 0.969797, 1, -38.1752, 22.7831, 532.186, 16.7887, 3.42936, 0.833631
472, 31.4, 0.961731, 1, -35.8667, 24.3316, 527.59, 16.5881, 2.98847, 1.44037
473, 31.4667, 0.959906, 1, -33.8892, 25.1924, 523.159, 16.1828, 1.97849, 1.95703
474, 31.5333, 0.955174, 1, -31.7736, 25.9718, 519.588, 16.2927, 0.545568, 2.38935
475, 31.6, 0.948774, 1, -30.3, 26.102, 518.264, 15.1872, -0.839756, 3.27948
476, 31.6667, 0.952974, 1, -29.3885, 26.3168, 515.031, 14.2749, -2.18395, 3.53486
477, 31.7333, 0.959091, 1, -28.8957, 27.571, 514.29, 14.9241, -3.11903, 3.63863
478, 31.8, 0.954219, 1, -29.8693, 28.7425, 515.34, 15.5314, -3.42031, 3.58747
479, 31.8667, 0.95319, 1, -31.1608, 29.3816, 516.827, 15.9116, -3.35407, 3.65853
480, 31.9333, 0.951446, 1, -32.6158, 29.527, 518.113, 16.0355, -3.07593, 3.63909
481, 32, 0.952273, 1, -34.2087, 29.5196, 520.133, 16.0732, -2.61014, 3.55212
482, 32.0667, 0.953938, 1, -35.1354, 29.5278, 521.825, 15.957, -2.05796, 3.37097
483, 32.1333, 0.956459, 1, -35.6615, 29.335, 522.582, 15.6235, -1.75263, 3.29283
484, 32.2, 0.955911, 1, -36.1531, 28.8437, 523.736, 15.3709, -1.47702, 3.10634
485, 32.2667, 0.959673, 1, -37.5305, 28.1113, 522.375, 15.5679, -0.960426, 2.74353
486, 32.3333, 0.967234, 1, -39.2156, 27.4064, 520.844, 15.4322, 0.116871, 2.55862
487, 32.4, 0.968333, 1, -41.8706, 26.7002, 520.992, 15.6374, 1.65129, 2.10374
488, 32.4667, 0.964364, 1, -45.7462, 26.0087, 521.731, 16.4927, 3.84725, 1.2048
489, 32.5333, 0.96968, 1, -49.4854, 25.5972, 523.352, 17.3863, 6.29289, 0.65154
490, 32.6, 0.963022, 1, -53.2767, 25.7307, 526.913, 17.7447, 8.51497, -0.0884656
491, 32.6667, 0.945863, 1, -56.113, 26.2262, 531.371, 18.9236, 10.6869, -0.874373
492, 32.7333, 0.957443, 1, -57.2833, 26.3016, 531.842, 19.2779, 10.3852, -0.119995
493, 32.8, 0.950966, 1, -57.1037, 26.474, 531.827, 19.8742, 9.99288, 0.0243804
494, 32.8667, 0.960243, 1, -56.6148, 27.0263, 533.21, 19.2498, 9.62373, 0.0820395
495, 32.9333, 0.954342, 1, -55.2979, 27.4999, 532.381, 19.4683, 9.62733, -0.345154
496, 33, 0.959589, 1, -53.5504, 27.7483, 530.681, 18.8796, 8.37689, -0.290134
497, 33.0667, 0.961113, 1, -52.2254, 28.1775, 530.32, 18.9491, 7.85214, -0.465859
498, 33.1333, 0.96436, 1, -51.3824, 28.527, 530.075, 19.0986, 7.64967, -0.451456
499, 33.2, 0.95851, 1, -50.9384, 28.8189, 529.918, 19.2352, 7.64395, -0.389947
500, 33.2667, 0.958478, 1, -50.5379, 28.9802, 529.684, 19.4428, 7.53457, -0.338527
501, 33.3333, 0.96099, 1, -50.3077, 29.1436, 529.919, 19.3721, 7.42289, -0.307922
502, 33.4, 0.96085, 1, -49.9777, 29.173, 530.028, 19.3446, 7.42822, -0.184769
503, 33.4667, 0.957932, 1, -49.256, 29.173, 530.428, 19.059, 7.29243, 0.425412
504, 33.5333, 0.955329, 1, -48.9607, 29.1687, 529.722, 18.9487, 7.08998, 0.57302
505, 33.6, 0.954727, 1, -48.6329, 29.2487, 529.304, 18.9394, 6.96744, 0.661557
506, 33.6667, 0.959807, 1, -48.4086, 29.4353, 529.397, 19.0712, 6.88452, 0.784211
507, 33.7333, 0.958126, 1, -47.9485, 29.5885, 529.011, 18.957, 6.57575, 0.924717
508, 33.8, 0.955615, 1, -47.5329, 29.6766, 528.489, 19.2645, 6.45024, 0.963428
509, 33.8667, 0.955967, 1, -47.3572, 29.7771, 528.734, 19.401, 6.48213, 0.915277
510, 33.9333, 0.955864, 1, -47.3452, 29.8511, 528.907, 19.6151, 6.49982, 0.75235
511, 34, 0.95856, 1, -47.1914, 29.9561, 528.444, 19.751, 6.45092, 0.738778
512, 34.0667, 0.962224, 1, -47.0701, 30.15, 528.317, 19.6475, 6.45341, 0.7212
513, 34.1333, 0.960253, 1, -47.0495, 30.3482, 528.404, 19.9013, 6.42437, 0.512445
514, 34.2, 0.958053, 1, -47.0121, 30.5887, 529.363, 19.6912, 6.46374, 0.449305
515, 34.2667, 0.956287, 1, -46.8554, 30.6075, 528.3, 19.9684, 6.50756, 0.435932
516, 34.3333, 0.961191, 1, -46.681, 30.7476, 528.286, 19.9318, 6.46344, 0.411053
517, 34.4, 0.962272, 1, -46.4773, 30.8539, 527.629, 20.193, 6.45052, 0.3937
518, 34.4667, 0.961761, 1, -46.5108, 30.9387, 527.981, 20.34, 6.53473, 0.375934
519, 34.5333, 0.960472, 1, -46.3455, 30.9442, 527.577, 20.2173, 6.4897, 0.42445
520, 34.6, 0.96184, 1, -46.454, 31.0734, 528.721, 20.211, 6.53363, 0.396994
521, 34.6667, 0.953959, 1, -46.1809, 31.1051, 527.653, 20.5284, 6.56094, 0.357146
522, 34.7333, 0.957345, 1, -46.2897, 31.1959, 528.111, 20.4562, 6.53186, 0.358784
523, 34.8, 0.954382, 1, -46.142, 31.1178, 527.808, 20.4009, 6.56226, 0.336462
524, 34.8667, 0.95732, 1, -46.1542, 31.0613, 528.479, 20.2125, 6.54729, 0.345327
525, 34.9333, 0.956685, 1, -46.1482, 31.0665, 528.602, 20.3059, 6.62046, 0.354546
526, 35, 0.955657, 1, -46.0713, 31.1039, 528.272, 20.448, 6.76666, 0.274037
527, 35.0667, 0.957665, 1, -46.226, 31.1969, 528.79, 20.6079, 6.9683, 0.164288
528, 35.1333, 0.959857, 1, -46.5019, 31.2617, 528.161, 20.8993, 7.08648, -0.19842
529, 35.2, 0.958485, 1, -46.8543, 31.3998, 529.101, 20.798, 7.06189, -0.496761
530, 35.2667, 0.957907, 1, -46.7319, 31.3585, 528.133, 20.9157, 7.21941, -0.560663
531, 35.3333, 0.954017, 1, -46.7203, 31.3335, 527.563, 21.0813, 7.32563, -0.602025
532, 35.4, 0.958188, 1, -46.8111, 31.4219, 527.591, 21.3451, 7.61257, -0.616961
533, 35.4667, 0.957719, 1, -46.7894, 31.4984, 527.123, 21.6209, 7.75079, -0.650341
534, 35.5333, 0.956796, 1, -46.6535, 31.686, 527.48, 21.8584, 7.78318, -0.708505
535, 35.6, 0.955138, 1, -46.3279, 31.7058, 526.853, 21.666, 7.61106, -0.659271
536, 35.6667, 0.954251, 1, -46.1408, 31.76, 527.054, 21.6626, 7.52311, -0.614803
537, 35.7333, 0.951898, 1, -46.0154, 31.8248, 526.927, 21.599, 7.52511, -0.588472
538, 35.8, 0.958199, 1, -45.8612, 31.9475, 527.024, 21.716, 7.60067, -0.583302
539, 35.8667, 0.956881, 1, -45.771, 31.9956, 526.772, 21.7427, 7.49838, -0.54317
540, 35.9333, 0.955955, 1, -45.715, 32.0621, 526.791, 21.6189, 7.37217, -0.543804
541, 36, 0.958219, 1, -45.7091, 32.1106, 526.705, 21.7763, 7.47783, -0.563387
542, 36.0667, 0.957024, 1, -45.5667, 32.1301, 526.478, 21.7385, 7.4164, -0.618963
543, 36.1333, 0.957087, 1, -45.4558, 32.1946, 526.482, 21.7266, 7.4099, -0.59832
544, 36.2, 0.950291, 1, -45.2914, 32.2594, 525.932, 21.8662, 7.41018, -0.563093
545, 36.2667, 0.951133, 1, -45.1864, 32.4262, 526.184, 22.1027, 7.57294, -0.578817
546, 36.3333, 0.952214, 1, -45.1434, 32.4496, 526.187, 22.3118, 7.63487, -0.64062
547, 36.4, 0.954647, 1, -45.0198, 32.5246, 525.616, 22.0005, 7.49802, -0.618346
548, 36.4667, 0.95889, 1, -44.9901, 32.7024, 525.99, 22.1044, 7.65844, -0.667696
549, 36.5333, 0.951672, 1, -44.7636, 32.7808, 524.834, 22.0541, 7.58769, -0.626151
550, 36.6, 0.946406, 1, -44.6881, 32.9911, 525.04, 22.4111, 7.70939, -0.638774
551, 36.6667, 0.954152, 1, -44.6624, 33.1946, 525.135, 22.3694, 7.61151, -0.686319
552, 36.7333, 0.954468, 1, -44.5087, 33.3055, 524.791, 22.5784, 7.56289, -0.620711
553, 36.8, 0.957242, 1, -44.8377, 34.1531, 529.635, 23.0974, 8.05161, -0.66294
554, 36.8667, 0.963605, 1, -45.1011, 34.6616, 533.035, 23.1282, 8.3419, -0.669536
555, 36.9333, 0.962408, 1, -45.1264, 34.834, 533.466, 23.1506, 8.35241, -0.6059
556, 37, 0.964417, 1, -45.0932, 35.0224, 533.553, 23.2156, 8.31022, -0.628291
557, 37.0667, 0.962272, 1, -45.1414, 35.2364, 533.746, 23.4094, 8.35527, -0.656689
558, 37.1333, 0.964743, 1, -45.1129, 35.3675, 534.098, 23.5706, 8.40367, -0.675125
559, 37.2, 0.965792, 1, -45.1058, 35.4526, 534.184, 23.4657, 8.3552, -0.629366
560, 37.2667, 0.964016, 1, -45.0538, 35.5554, 534.22, 23.5855, 8.38467, -0.654835
561, 37.3333, 0.964487, 1, -44.9766, 35.6262, 533.982, 23.6889, 8.35116, -0.69542
562, 37.4, 0.964778, 1, -44.8894, 35.6492, 533.602, 23.6748, 8.25098, -0.714004
563, 37.4667, 0.963298, 1, -44.9266, 35.7481, 533.661, 23.7417, 8.22148, -0.69209
564, 37.5333, 0.960544, 1, -45.0912, 35.9202, 533.826, 23.8624, 8.38223, -0.765385
565, 37.6, 0.961497, 1, -45.1788, 36, 533.562, 23.972, 8.37561, -0.803809
566, 37.6667, 0.962316, 1, -45.2429, 36.0272, 533.213, 24.142, 8.42212, -0.85042
567, 37.7333, 0.961567, 1, -45.2786, 36.071, 532.925, 24.1659, 8.38724, -0.852282
568, 37.8, 0.963423, 1, -45.2937, 36.1324, 532.941, 24.1361, 8.38782, -0.856501
569, 37.8667, 0.961365, 1, -45.18, 36.1365, 532.465, 24.2236, 8.33161, -0.875759
570, 37.9333, 0.957926, 1, -45.1274, 36.1947, 532.491, 24.3457, 8.35269, -0.856409
571, 38, 0.959089, 1, -44.86, 36.0488, 531.536, 24.3155, 8.25965, -0.840605
572, 38.0667, 0.963887, 1, -44.9165, 36.1419, 532.508, 24.3146, 8.36511, -0.866203
573, 38.1333, 0.961254, 1, -44.8678, 36.1513, 532.246, 24.3968, 8.28034, -0.842852
574, 38.2, 0.959778, 1, -44.8448, 36.2293, 532.946, 24.1343, 8.15072, -0.747404
575, 38.2667, 0.958781, 1, -44.3152, 36.0127, 532.834, 22.9867, 7.7401, -0.203362
576, 38.3333, 0.956209, 1, -44.1573, 35.9507, 532.369, 22.4676, 7.42702, -0.0065433
577, 38.4, 0.956191, 1, -44.3008, 36.0365, 531.271, 22.1416, 7.22654, 0.140266
578, 38.4667, 0.954809, 1, -44.3279, 36.0369, 529.777, 22.1858, 7.10366, 0.237181
579, 38.5333, 0.958968, 1, -44.1644, 35.9345, 526.526, 22.41, 6.90228, 0.284151
580, 38.6, 0.9595, 1, -44.0507, 35.9631, 524.457, 22.7457, 6.80977, 0.234758
581, 38.6667, 0.959127, 1, -44.1402, 36.1389, 523.653, 22.9675, 6.81482, 0.202338
582, 38.7333, 0.958071, 1, -44.4631, 36.4318, 524.649, 22.9272, 6.73151, 0.215846
583, 38.8, 0.959274, 1, -44.4633, 36.4715, 522.862, 23.0902, 6.71748, 0.165123
584, 38.8667, 0.957631, 1, -44.756, 36.61, 523.8, 22.8974, 6.73658, 0.210518
585, 38.9333, 0.959034, 1, -44.8768, 36.6658, 523.581, 22.9475, 6.73469, 0.123511
586, 39, 0.959891, 1, -44.9829, 36.6698, 523.136, 22.9491, 6.72809, 0.0578826
587, 39.0667, 0.959245, 1, -45.0836, 36.9464, 523.951, 23.0374, 6.74173, 0.0188478
588, 39.1333, 0.957166, 1, -45.179, 37.1534, 524.151, 23.1217, 6.73442, -0.0144157
589, 39.2, 0.959703, 1, -44.9934, 37.2698, 523.099, 23.2665, 6.64951, 0.00767811
590, 39.2667, 0.952963, 1, -44.7858, 37.0565, 522.565, 23.4522, 6.64076, 0.104214
591, 39.3333, 0.959282, 1, -44.5622, 36.6282, 520.832, 23.3968, 6.65055, 0.239386
592, 39.4, 0.964574, 1, -44.21, 36.2476, 517.89, 23.5677, 6.53461, 0.349774
593, 39.4667, 0.965486, 1, -44.215, 36.4772, 518.372, 23.5625, 6.50696, 0.465723
594, 39.5333, 0.966202, 1, -43.9229, 36.352, 517.407, 23.5584, 6.38134, 0.499837
595, 39.6, 0.96612, 1, -43.9414, 36.4555, 518.55, 23.2658, 6.39473, 0.574693
596, 39.6667, 0.964745, 1, -43.8347, 36.4411, 518.635, 23.2586, 6.33981, 0.586029
597, 39.7333, 0.966211, 1, -43.8409, 36.6037, 519.337, 23.2993, 6.27729, 0.637155
598, 39.8, 0.966906, 1, -43.6403, 36.443, 517.667, 23.5231, 6.2405, 0.58499
599, 39.8667, 0.967157, 1, -43.7846, 36.5852, 519.086, 23.3086, 6.30071, 0.63335
600, 39.9333, 0.96487, 1, -43.6532, 36.4052, 518.046, 23.4236, 6.23656, 0.599501
601, 40, 0.966833, 1, -43.858, 36.6588, 520.008, 23.2768, 6.19083, 0.680224
602, 40.0667, 0.96645, 1, -43.7001, 36.5373, 518.113, 23.391, 6.18169, 0.606544
603, 40.1333, 0.965949, 1, -43.9621, 36.7492, 520.287, 23.1373, 6.27303, 0.645867
604, 40.2, 0.966491, 1, -43.8292, 36.5242, 519.197, 23.2009, 6.22698, 0.648051
605, 40.2667, 0.965746, 1, -43.6536, 36.3008, 517.89, 23.3656, 6.20036, 0.61524
606, 40.3333, 0.963836, 1, -43.7725, 36.4462, 519.96, 23.1598, 6.17287, 0.667497
607, 40.4, 0.963771, 1, -43.5689, 36.3348, 518.942, 23.2132, 6.1655, 0.665022
608, 40.4667, 0.964426, 1, -43.5196, 36.3262, 518.75, 23.1984, 6.17136, 0.640964
609, 40.5333, 0.96402, 1, -43.5357, 36.3852, 519.532, 23.1562, 6.17949, 0.635641
610, 40.6, 0.966109, 1, -43.3953, 36.2493, 518.229, 23.3314, 6.1624, 0.630837
611, 40.6667, 0.964299, 1, -43.5909, 36.4935, 520.267, 23.1456, 6.21595, 0.668002
612, 40.7333, 0.967399, 1, -43.4394, 36.4802, 519.365, 23.2462, 6.16502, 0.693224
613, 40.8, 0.967985, 1, -43.9426, 36.4687, 518.892, 23.6703, 6.23671, 0.144672
614, 40.8667, 0.960555, 1, -44.8189, 37.0276, 522.489, 24.1119, 6.38687, -0.524341
615, 40.9333, 0.963006, 1, -45.0434, 37.3453, 524.226, 24.219, 6.66352, -0.539887
616, 41, 0.962919, 1, -45.2114, 37.4656, 524.428, 24.1827, 6.75554, -0.578146
617, 41.0667, 0.962947, 1, -45.4471, 37.5279, 524.855, 24.2304, 7.01034, -0.709078
618, 41.1333, 0.961885, 1, -45.6857, 37.6087, 524.692, 24.6215, 7.34805, -0.908431
619, 41.2, 0.962162, 1, -45.7551, 37.6495, 524.363, 24.657, 7.46022, -0.977011
620, 41.2667, 0.963423, 1, -45.7343, 37.8219, 524.067, 24.7286, 7.50415, -1.00563
621, 41.3333, 0.960856, 1, -45.8065, 37.9936, 524.404, 25.1222, 7.76379, -1.08484
622, 41.4, 0.963715, 1, -45.8118, 38.1865, 524.774, 25.2643, 7.79334, -1.06071
623, 41.4667, 0.961363, 1, -46.0044, 38.1786, 524.776, 25.3739, 7.93085, -1.07164
624, 41.5333, 0.962277, 1, -45.9174, 38.1306, 524.191, 25.3437, 7.86916, -1.06203
625, 41.6, 0.960841, 1, -46.0688, 38.1647, 525.345, 25.5272, 8.0381, -1.14561
